1
100 3 5 7
4 16 1 4 4 16 16
12 12 12 9 9 12 4
10 25 10 2 10 5 10
1 3 3 4 3 4 12
5 20 20 1 60 12 3
1 4 64 64 4 64 4
15 6 1 10 2 2 1
8 4 8 16 8 16 32
5 2 2 5 20 10 40
4 1 6 24 24 6 6
8 32 8 16 16 32 16
12 3 4 6 1 4 24
5 15 25 3 3 15 25
4 4 2 2 5 4 5
40 1 40 40 8 1 40
4 3 3 2 4 4 8
50 10 1 1 10 5 25
45 45 3 45 3 3 15
3 6 3 2 15 10 6
15 5 3 1 15 5 15
20 20 20 4 20 4 4
1 6 3 1 6 6 12
6 2 24 4 4 6 8
8 8 2 1 8 16 8
2 24 2 4 3 1 3
1 2 4 1 4 4 2
10 10 2 1 50 25 1
3 18 18 9 9 1 18
10 10 8 10 8 20 10
20 1 60 4 1 1 15
3 5 6 2 6 30 15
4 5 3 3 1 5 4
8 32 8 4 32 8 2
20 2 2 5 2 8 20
5 15 3 3 1 30 30
10 2 8 5 20 20 8
4 3 20 12 4 1 60
1 16 4 16 16 16 16
4 3 60 3 3 1 20
2 8 16 32 8 32 2
40 5 5 2 20 1 2
1 5 10 2 2 10 20
3 3 6 4 3 8 1
15 6 6 5 5 30 1
1 8 1 2 8 8 32
15 10 5 3 3 2 1
5 10 10 25 10 1 50
20 10 2 2 4 1 10
8 8 8 8 16 2 2
4 1 4 8 2 8 4
20 40 2 1 40 10 20
1 3 10 15 1 1 3
20 20 1 2 4 5 10
50 2 10 10 50 5 2
10 2 50 25 50 10 50
12 12 3 9 3 12 12
8 3 1 24 6 12 2
50 25 5 10 50 10 10
16 32 32 8 4 8 8
16 8 8 4 8 1 8
15 25 5 5 25 3 1
12 12 2 2 2 6 1
12 9 3 9 3 12 36
12 3 20 5 3 60 12
5 5 10 4 40 2 2
2 1 4 2 4 2 8
25 10 5 1 10 1 25
4 3 1 1 1 12 48
1 3 24 12 12 24 12
12 3 6 3 1 12 12
2 30 6 3 5 2 10
16 20 20 5 5 4 80
48 16 48 12 4 12 12
1 1 2 6 6 4 12
6 2 2 12 4 12 3
12 12 1 2 6 3 3
3 9 1 3 12 9 12
5 3 3 1 1 12 1
1 5 3 5 5 3 5
2 6 12 6 2 6 2
4 12 12 48 1 12 48
8 8 4 1 24 8 2
12 4 9 36 9 1 4
64 16 4 16 16 1 16
4 20 1 20 16 4 5
3 20 15 15 4 15 1
36 1 4 3 12 9 3
10 1 10 10 4 2 4
15 5 3 45 15 1 3
30 10 30 1 5 1 2
1 1 1 6 3 6 4
2 3 6 1 1 2 3
4 4 20 4 1 40 1
15 3 3 5 15 1 4
4 16 64 4 16 64 16
1 40 5 40 40 8 2
1 100 100 25 20 5 100
4 1 2 4 2 16 16
15 4 20 15 3 3 60
12 4 12 12 4 4 48
